%PDF-1.7

1 0 obj
  << >>
endobj

2 0 obj
  << /Length 3 0 R >>
stream
/DeviceRGB CS
/DeviceRGB cs
q
1.000000 0.000000 -0.000000 1.000000 2.000000 2.000000 cm
0.200000 0.200000 0.200000 scn
13.000000 20.000000 m
14.656855 20.000000 16.000000 21.343145 16.000000 23.000000 c
16.000000 24.656855 14.656855 26.000000 13.000000 26.000000 c
11.343145 26.000000 10.000000 24.656855 10.000000 23.000000 c
10.000000 21.343145 11.343145 20.000000 13.000000 20.000000 c
h
16.000000 13.000000 m
16.000000 11.343145 14.656855 10.000000 13.000000 10.000000 c
11.343145 10.000000 10.000000 11.343145 10.000000 13.000000 c
10.000000 14.656855 11.343145 16.000000 13.000000 16.000000 c
14.656855 16.000000 16.000000 14.656855 16.000000 13.000000 c
h
6.000000 3.000000 m
6.000000 1.343145 4.656854 0.000000 3.000000 0.000000 c
1.343146 0.000000 0.000000 1.343145 0.000000 3.000000 c
0.000000 4.656855 1.343146 6.000000 3.000000 6.000000 c
4.656854 6.000000 6.000000 4.656855 6.000000 3.000000 c
h
16.000000 3.000000 m
16.000000 1.343145 14.656855 0.000000 13.000000 0.000000 c
11.343145 0.000000 10.000000 1.343145 10.000000 3.000000 c
10.000000 4.656855 11.343145 6.000000 13.000000 6.000000 c
14.656855 6.000000 16.000000 4.656855 16.000000 3.000000 c
h
23.000000 0.000000 m
24.656855 0.000000 26.000000 1.343145 26.000000 3.000000 c
26.000000 4.656855 24.656855 6.000000 23.000000 6.000000 c
21.343145 6.000000 20.000000 4.656855 20.000000 3.000000 c
20.000000 1.343145 21.343145 0.000000 23.000000 0.000000 c
h
3.000000 10.000000 m
4.656854 10.000000 6.000000 11.343145 6.000000 13.000000 c
6.000000 14.656855 4.656854 16.000000 3.000000 16.000000 c
1.343146 16.000000 0.000000 14.656855 0.000000 13.000000 c
0.000000 11.343145 1.343146 10.000000 3.000000 10.000000 c
h
26.000000 13.000000 m
26.000000 11.343145 24.656855 10.000000 23.000000 10.000000 c
21.343145 10.000000 20.000000 11.343145 20.000000 13.000000 c
20.000000 14.656855 21.343145 16.000000 23.000000 16.000000 c
24.656855 16.000000 26.000000 14.656855 26.000000 13.000000 c
h
6.000000 23.000000 m
6.000000 21.343145 4.656854 20.000000 3.000000 20.000000 c
1.343146 20.000000 0.000000 21.343145 0.000000 23.000000 c
0.000000 24.656855 1.343146 26.000000 3.000000 26.000000 c
4.656854 26.000000 6.000000 24.656855 6.000000 23.000000 c
h
23.000000 20.000000 m
24.656855 20.000000 26.000000 21.343145 26.000000 23.000000 c
26.000000 24.656855 24.656855 26.000000 23.000000 26.000000 c
21.343145 26.000000 20.000000 24.656855 20.000000 23.000000 c
20.000000 21.343145 21.343145 20.000000 23.000000 20.000000 c
h
f*
n
Q

endstream
endobj

3 0 obj
  2496
endobj

4 0 obj
  << /Annots []
     /Type /Page
     /MediaBox [ 0.000000 0.000000 30.000000 30.000000 ]
     /Resources 1 0 R
     /Contents 2 0 R
     /Parent 5 0 R
  >>
endobj

5 0 obj
  << /Kids [ 4 0 R ]
     /Count 1
     /Type /Pages
  >>
endobj

6 0 obj
  << /Pages 5 0 R
     /Type /Catalog
  >>
endobj

xref
0 7
0000000000 65535 f
0000000010 00000 n
0000000034 00000 n
0000002586 00000 n
0000002609 00000 n
0000002782 00000 n
0000002856 00000 n
trailer
<< /ID [ (some) (id) ]
   /Root 6 0 R
   /Size 7
>>
startxref
2915
%%EOF